749
1
3
4
5
2 6
7
9
8 10
11
13
14
12 15
16
17
19
18 20
21
22
23
24
25
26 27
28
29
30 31
33
34
35
32 36
38
39
37 40
41
42
43
45
44 46
48
47 49
50
51 52
53 54
56
55 57
58 59
60
62
63
61 64
65 66
67 68
70
69 71
73
74
75
72 76
77
78
79 80
81
83
82 84
85 86
87
89
90
88 91
92
93 94
95 96
98
97 99
100
101 102
103
104 105
106
107
109
110
111
112
113
108 114
115 116
117 118
120
121
122
119 123
125
124 126
127
128 129
130 131
132
133 134
135
136
137 138
139
140
141
142
143 144
145
146 147
148
149
150 151
152 153
154
155 156
157 158
159
160 161
162 163
164
166
167
165 168
170
169 171
172 173
174
176
177
178
179
175 180
181
182 183
184
186
187
185 188
189
190 191
192
193
194
196
197
195 198
199 200
201
202
203
205
204 206
208
209
210
211
212
213
207 214
216
217
215 218
219
220
222
221 223
225
224 226
228
229
230
227 231
232
233
235
234 236
237 238
239
240
241
242 243
245
244 246
247
248 249
251
250 252
254
255
253 256
258
257 259
260
261
262 263
265
264 266
267
268
269 270
272
271 273
274
275
276
277
278
279
281
282
283
284
280 285
286
287
288 289
290 291
292
293
294
296
295 297
298
299
300
301
302
303
305
304 306
308
309
307 310
311
312
313
314
315
316
317
319
320
318 321
323
322 324
325
326
328
329
327 330
332
333
334
331 335
336 337
338 339
340
342
341 343
344 345
346
347
348
349
351
352
350 353
354
356
357
358
355 359
360
361
362
364
363 365
367
366 368
369
370
371 372
374
373 375
377
378
379
380
381
376 382
383 384
385 386
387
389
388 390
391
393
392 394
396
397
395 398
400
399 401
402 403
404
406
405 407
408 409
411
412
410 413
414 415
416
417 418
420
421
419 422
423
425
424 426
427 428
429
430
431
433
432 434
435
436
437 438
439
440
441
442
443 444
446
445 447
448
450
451
449 452
453
454 455
456
457
458 459
460
462
463
461 464
465 466
467
468
469 470
472
473
471 474
475 476
477
479
480
478 481
483
482 484
485
486
488
489
487 490
491
493
492 494
495 496
497
499
500
498 501
502
504
505
506
507
508
509
503 510
511 512
514
515
516
513 517
519
520
518 521
522 523
524 525
526
527 528
530
531
532
533
529 534
536
535 537
538
539
540
541
542 543
544 545
546
547 548
549
550
551
552 553
554
555
556
557
559
560
561
558 562
563 564
565
567
566 568
569
570
571 572
574
575
576
573 577
578 579
580 581
582 583
584
585 586
588
587 589
591
592
593
594
590 595
596
597
598 599
600 601
602
604
605
606
603 607
608 609
610
611
613
614
612 615
616
617 618
619 620
621
623
622 624
626
627
625 628
629
630 631
632 633
634 635
636 637
638
639
640
641
642
644
645
646
647
648
649
650
643 651
652
654
655
656
653 657
658
659 660
661 662
663
664 665
667
666 668
669
671
672
670 673
674 675
677
678
679
680
676 681
682
683 684
685 686
687
688
690
691
692
693
694
689 695
696 697
698 699
700 701
702
704
703 705
706
707
708
709 710
712
713
711 714
715 716
718
719
717 720
722
723
724
725
721 726
727
728
729
730
732
733
734
731 735
736
738
739
737 740
741
742
743
745
746
747
748
744 749
750 751
752 753
754
755
756
757
758 759
761
760 762
764
763 765
766
767
768
769 770
771
772
773 774
775
776
777
778
779
780
781 782
784
785
786
787
783 788
790
791
792
789 793
794 795
796 797
799
798 800
802
803
804
801 805
807
806 808
809
811
812
810 813
815
814 816
817 818
819
820
821
822
823
824 825
826
827
829
830
831
828 832
833 834
836
835 837
839
838 840
842
843
844
845
841 846
848
849
850
851
852
847 853
854
855
856 857
859
860
858 861
863
864
865
862 866
867
869
870
868 871
872 873
874
875
877
878
876 879
880
881 882
883 884
886
887
888
889
890
885 891
893
892 894
895
896
897 898
899
900
901 902
903 904
905
906
907
908
909 910
911 912
913
914
915 916
917
918 919
921
922
923
924
925
926
920 927
928 929
931
930 932
933
935
936
934 937
938
939
940 941
942
944
943 945
946 947
948
950
951
949 952
954
955
953 956
957 958
959
960 961
962
963
964
966
965 967
969
970
971
972
968 973
975
976
974 977
978
979 980
981 982
983
984 985
986
987
989
988 990
992
991 993
994
995 996
997
998
